0.5569228743836956
1.7302454090923163
0.7489211073360152
-0.40306829037790326
-0.8083978932772451
-0.8297310302719473
-0.5950665233302231
0.2582589564578648
1.6662459981082096
1.0902512992512503
-0.2537363314149879
-0.7870647562825429
-0.8723973042613516
-0.7017322083037341
-0.019071824473263763
1.4742477651558898
1.4742477651558898
-0.04040496146796596
-0.7017322083037341
-0.8723973042613516
-0.7657316192878406
-0.2964026054043923
1.1115844362459526
1.7942448200764227
0.27959209345256697
-0.6377327973196275
-0.8510641672666495
-0.8723973042613516
-0.48840083835671205
0.6849216963519087
1.9649099160340404
0.7062548333466109
-0.5097339753514143
-0.8510641672666495
-0.8937304412560538
-0.6590659343143297
0.2369258194631626
1.8369110940658273
1.2182501212194636
-0.2964026054043923
-0.7870647562825429
-0.8937304412560538
-0.8083978932772451
-0.16840378343617912
1.4529146281611878
1.7515785460870184
0.04492758651084282
-0.7230653452984362
-0.915063578250756
-0.8723973042613516
-0.48840083835671205
0.8555867923095262
2.0929087380022535
0.5569228743836956
-0.5950665233302231
-0.915063578250756
-0.915063578250756
-0.7017322083037341
0.2582589564578648
2.007576190023445
1.2395832582141657
-0.3604020163884989
-0.8510641672666495
-0.9577298522401604
-0.8297310302719473
-0.2750694684096901
1.4529146281611878
1.922243642044636
0.06626072350554502
-0.7657316192878406
-0.9363967152454582
-0.915063578250756
-0.5737333863355208
0.6849216963519087
2.263573833959871
0.7489211073360152
-0.5737333863355208
-0.9363967152454582
-0.9790629892348627
-0.8083978932772451
-0.04040496146796596
1.9009105050499338
1.6449128611135075
-0.21107005742558352
-0.8510641672666495
-0.9577298522401604
-0.9363967152454582
-0.5310671123461165
0.9835856142777394
2.3275732449439777
0.47159032640488674
-0.6803990713090319
-0.9577298522401604
-0.9790629892348627
-0.7870647562825429
0.10892699749494941
2.135575011991658
1.5595803131346986
-0.31773574239909447
-0.8937304412560538
-0.9790629892348627
-0.9363967152454582
-0.5097339753514143
1.0902512992512503
2.4769052039068935
0.42892405241548237
-0.7230653452984362
-0.9790629892348627
-1.0003961262295649
-0.8510641672666495
0.002261312521438433
2.1995744229757643
1.708912272097614
-0.31773574239909447
-0.8937304412560538
-1.021729263224267
-0.9790629892348627
-0.6377327973196275
0.8129205183201218
2.668903436859213
0.7062548333466109
-0.6803990713090319
-0.9790629892348627
-1.021729263224267
-0.915063578250756
-0.2964026054043923
1.815577957071125
2.2849069709545735
-0.04040496146796596
-0.8723973042613516
-1.0430624002189692
-1.021729263224267
-0.8297310302719473
0.17292640847905602
2.626237162869809
1.5382471761399965
-0.46706770136200987
-0.9577298522401604
-1.0430624002189692
-1.0003961262295649
-0.7230653452984362
0.7062548333466109
3.0315667657691505
0.8555867923095262
-0.7017322083037341
-1.021729263224267
-1.0643955372136713
-1.0003961262295649
-0.6377327973196275
1.154250710235357
3.1168993137479593
0.47159032640488674
-0.8297310302719473
-1.0430624002189692
-1.0857286742083736
-1.0643955372136713
-0.6377327973196275
1.28224953220357
3.308897546700279
0.36492464143137576
-0.8510641672666495
-1.0643955372136713
-1.107061811203076
-1.0857286742083736
-0.8297310302719473
0.7489211073360152
3.714227149599621
0.834253655314824
-0.8083978932772451
-1.0857286742083736
-1.107061811203076
-1.128394948197778
-1.0857286742083736
-0.5310671123461165
2.4769052039068935
3.308897546700279
-0.2964026054043923
-1.0430624002189692
-1.128394948197778
-1.1710612221871823
-1.1923943591818846
-1.2137274961765867
-1.1923943591818846
-0.8723973042613516
0.9622524772830372
1.388915217177081
-0.10440437245207256
-0.6377327973196275
-0.6803990713090319
-0.40306829037790326
0.2369258194631626
0.8129205183201218
0.4075909154207802
-0.2324031944202857
-0.5524002493408187
-0.5737333863355208
-0.2750694684096901
0.3222583674419714
0.7489211073360152
0.3435915044366736
-0.2537363314149879
-0.5524002493408187
-0.5310671123461165
-0.2324031944202857
0.38625777842607795
0.7702542443307174
0.3222583674419714
-0.2750694684096901
-0.5524002493408187
-0.5524002493408187
-0.2324031944202857
0.45025718941018456
0.834253655314824
0.3435915044366736
-0.2964026054043923
-0.5950665233302231
-0.5737333863355208
-0.2324031944202857
0.4929234633995889
0.8769199293042285
0.3009252304472692
-0.3390688793937967
-0.5950665233302231
-0.5737333863355208
-0.21107005742558352
0.5355897373889933
0.9195862032936328
0.27959209345256697
-0.3604020163884989
-0.6377327973196275
-0.6163996603249253
-0.2324031944202857
0.5355897373889933
0.9835856142777394
0.3009252304472692
-0.3604020163884989
-0.6163996603249253
-0.6163996603249253
-0.2324031944202857
0.5782560113783978
1.047585025261846
0.3435915044366736
-0.40306829037790326
-0.6590659343143297
-0.6377327973196275
-0.2750694684096901
0.5782560113783978
1.0689181622565482
0.3435915044366736
-0.40306829037790326
-0.6803990713090319
-0.6377327973196275
-0.2750694684096901
0.5995891483730998
1.154250710235357
0.4075909154207802
-0.40306829037790326
-0.6803990713090319
-0.6803990713090319
-0.31773574239909447
0.5569228743836956
1.2182501212194636
0.47159032640488674
-0.3817351533832011
-0.7230653452984362
-0.7230653452984362
-0.3604020163884989
0.5142566003942911
1.260916395208868
0.5355897373889933
-0.3817351533832011
-0.7230653452984362
-0.7443984822931384
-0.4457345643673077
0.42892405241548237
1.3035826691982724
0.6422554223625042
-0.3604020163884989
-0.7230653452984362
-0.7657316192878406
-0.5097339753514143
0.3435915044366736
1.3462489431876767
0.7702542443307174
-0.2964026054043923
-0.7230653452984362
-0.7870647562825429
-0.5310671123461165
0.2582589564578648
1.3462489431876767
0.8982530662989306
-0.21107005742558352
-0.7017322083037341
-0.8083978932772451
-0.6163996603249253
0.08759386050024721
1.3035826691982724
1.0689181622565482
-0.14707064644147694
-0.7017322083037341
-0.8297310302719473
-0.6803990713090319
-0.06173809846266816
1.2182501212194636
1.28224953220357
-0.019071824473263763
-0.6803990713090319
-0.8510641672666495
-0.7443984822931384
-0.2324031944202857
1.047585025261846
1.4529146281611878
0.17292640847905602
-0.6163996603249253
-0.8510641672666495
-0.7870647562825429
-0.3604020163884989
0.8129205183201218
1.6022465871241032
0.36492464143137576
-0.5524002493408187
-0.8083978932772451
-0.8083978932772451
-0.5097339753514143
0.5569228743836956
1.687579135102912
0.6635885593572064
-0.46706770136200987
-0.8297310302719473
-0.8723973042613516
-0.6377327973196275
0.27959209345256697
1.6449128611135075
1.0049187512724416
-0.3390688793937967
-0.7870647562825429
-0.8723973042613516
-0.7230653452984362
-0.019071824473263763
1.4742477651558898
1.388915217177081
-0.10440437245207256
-0.7657316192878406
-0.8937304412560538
-0.8083978932772451
-0.2750694684096901
1.154250710235357
1.708912272097614
0.17292640847905602
-0.6803990713090319
-0.8937304412560538
-0.8723973042613516
-0.5097339753514143
0.7062548333466109
1.922243642044636
0.5995891483730998
-0.5524002493408187
-0.8723973042613516
-0.8937304412560538
-0.6803990713090319
0.2582589564578648
1.8582442310605294
1.1115844362459526
-0.3604020163884989
-0.8510641672666495
-0.9363967152454582
-0.7870647562825429
-0.14707064644147694
1.5169140391452942
1.6449128611135075
-0.04040496146796596
-0.7657316192878406
-0.9363967152454582
-0.8723973042613516
-0.46706770136200987
0.940919340288335
2.0502424640128494
0.42892405241548237
-0.6377327973196275
-0.915063578250756
-0.9363967152454582
-0.6803990713090319
0.3222583674419714
2.0502424640128494
1.1115844362459526
-0.42440142737260544
-0.8937304412560538
-0.9577298522401604
-0.8297310302719473
-0.1897369204308813
1.5382471761399965
1.815577957071125
-0.019071824473263763
-0.8083978932772451
-0.9577298522401604
-0.915063578250756
-0.5950665233302231
0.7702542443307174
2.220907559970467
0.620922285367802
-0.6377327973196275
-0.9363967152454582
-0.9790629892348627
-0.7657316192878406
0.04492758651084282
1.9862430530287425
1.4955809021505921
-0.2964026054043923
-0.8723973042613516
-1.0003961262295649
-0.915063578250756
-0.48840083835671205
1.1329175732406547
2.242240696965169
0.3222583674419714
-0.7443984822931384
-0.9790629892348627
-1.0003961262295649
-0.7657316192878406
0.17292640847905602
2.220907559970467
1.3462489431876767
-0.42440142737260544
-0.915063578250756
-1.0003961262295649
-0.9363967152454582
-0.46706770136200987
1.2395832582141657
2.34890638193868
0.2369258194631626
-0.7657316192878406
-1.0003961262295649
-1.021729263224267
-0.8083978932772451
0.10892699749494941
2.2849069709545735
1.4742477651558898
-0.42440142737260544
-0.9363967152454582
-1.021729263224267
-0.9790629892348627
-0.5737333863355208
1.0049187512724416
2.6049040258751064
0.45025718941018456
-0.7657316192878406
-1.021729263224267
-1.0430624002189692
-0.915063578250756
-0.1897369204308813
2.0502424640128494
2.028909327018147
-0.2324031944202857
-0.915063578250756
-1.0430624002189692
-1.0430624002189692
-0.7870647562825429
0.36492464143137576
2.754235984838022
1.175583847230059
-0.5950665233302231
-1.0003961262295649
-1.0857286742083736
-1.021729263224267
-0.6377327973196275
1.0049187512724416
2.9249010807956393
0.47159032640488674
-0.7870647562825429
-1.0643955372136713
-1.0857286742083736
-1.021729263224267
-0.5097339753514143
1.5809134501294009
2.8182353958221285
0.08759386050024721
-0.8937304412560538
-1.0643955372136713
-1.107061811203076
-1.0003961262295649
-0.48840083835671205
1.8795773680552317
2.882234806806235
-0.04040496146796596
-0.9363967152454582
-1.0857286742083736
-1.107061811203076
-1.0643955372136713
-0.6590659343143297
1.5382471761399965
3.41556323167379
0.1515932714843538
-0.9577298522401604
-1.107061811203076
-1.1497280851924803
-1.128394948197778
-0.9790629892348627
0.1302601344896516
3.778226560583727
1.6449128611135075
-0.7443984822931384
-1.0857286742083736
-1.1497280851924803
-1.1710612221871823
-1.1923943591818846
-1.1710612221871823
-0.7443984822931384
2.242240696965169
3.6928940126049183
-0.1897369204308813
-1.021729263224267
-1.128394948197778
-1.128394948197778
-1.128394948197778
-0.8937304412560538
0.42892405241548237
3.0102336287744484
1.047585025261846
-0.6590659343143297
-1.021729263224267
-1.0643955372136713
-0.9790629892348627
-0.46706770136200987
1.4529146281611878
2.3275732449439777
0.06626072350554502
-0.8510641672666495
-1.0430624002189692
-1.0430624002189692
-0.7870647562825429
0.3009252304472692
2.412905792922787
1.154250710235357
-0.5524002493408187
-0.9790629892348627
-1.0430624002189692
-0.9790629892348627
-0.48840083835671205
1.3249158061929744
2.3915726559280848
0.1515932714843538
-0.8297310302719473
-1.0430624002189692
-1.0430624002189692
-0.8510641672666495
0.08759386050024721
2.3275732449439777
1.5169140391452942
-0.4457345643673077
-1.0003961262295649
-1.0857286742083736
-1.021729263224267
-0.6803990713090319
0.8555867923095262
2.7329028478433197
0.5995891483730998
-0.7443984822931384
-1.0430624002189692
-1.0643955372136713
-0.9790629892348627
-0.40306829037790326
1.7302454090923163
2.4769052039068935
-0.06173809846266816
-0.915063578250756
-1.0643955372136713
-1.0643955372136713
-0.9363967152454582
-0.08307123545737036
2.455572066912191
1.9009105050499338
-0.40306829037790326
-0.9790629892348627
-1.107061811203076
-1.0857286742083736
-0.8937304412560538
0.1515932714843538
2.903567943800937
1.4955809021505921
-0.5950665233302231
-1.0430624002189692
-1.107061811203076
-1.128394948197778
-0.915063578250756
0.1302601344896516
3.1382324507426613
1.5169140391452942
-0.6377327973196275
-1.0643955372136713
-1.128394948197778
-1.1497280851924803
-1.021729263224267
-0.2537363314149879
2.8395685328168305
2.3915726559280848
-0.4457345643673077
-1.0430624002189692
-1.128394948197778
-1.1497280851924803
-1.1497280851924803
-0.9363967152454582
0.5569228743836956
4.162223026488367
1.0049187512724416
-0.8723973042613516
-1.107061811203076
-1.1710612221871823
-1.1923943591818846
-1.2137274961765867
-1.235060633171289
-1.235060633171289
-1.128394948197778
-0.7870647562825429
-1.107061811203076
-1.1497280851924803
-1.107061811203076
-0.9363967152454582
-0.5737333863355208
-0.06173809846266816
0.10892699749494941
-0.08307123545737036
-0.2964026054043923
-0.2964026054043923
-0.12573750944677475
0.08759386050024721
0.1302601344896516
-0.019071824473263763
-0.2324031944202857
-0.2964026054043923
-0.2537363314149879
-0.04040496146796596
0.1515932714843538
0.1515932714843538
0.002261312521438433
-0.21107005742558352
-0.2750694684096901
-0.1897369204308813
0.002261312521438433
0.1942595454737582
0.17292640847905602
-0.04040496146796596
-0.21107005742558352
-0.2964026054043923
-0.16840378343617912
0.02359444951614063
0.2369258194631626
0.17292640847905602
-0.04040496146796596
-0.2537363314149879
-0.2964026054043923
-0.14707064644147694
0.08759386050024721
0.2582589564578648
0.17292640847905602
-0.08307123545737036
-0.2750694684096901
-0.31773574239909447
-0.14707064644147694
0.10892699749494941
0.27959209345256697
0.1515932714843538
-0.12573750944677475
-0.2964026054043923
-0.2964026054043923
-0.10440437245207256
0.1515932714843538
0.3009252304472692
0.1302601344896516
-0.12573750944677475
-0.3390688793937967
-0.2964026054043923
-0.10440437245207256
0.21559268246846042
0.3435915044366736
0.1302601344896516
-0.1897369204308813
-0.31773574239909447
-0.2964026054043923
-0.04040496146796596
0.27959209345256697
0.36492464143137576
0.10892699749494941
-0.16840378343617912
-0.3390688793937967
-0.2964026054043923
-0.019071824473263763
0.3222583674419714
0.38625777842607795
0.08759386050024721
-0.2324031944202857
-0.3604020163884989
-0.2750694684096901
0.02359444951614063
0.38625777842607795
0.4075909154207802
0.06626072350554502
-0.2750694684096901
-0.3604020163884989
-0.2750694684096901
0.06626072350554502
0.42892405241548237
0.4075909154207802
0.02359444951614063
-0.2964026054043923
-0.3817351533832011
-0.2537363314149879
0.1302601344896516
0.5142566003942911
0.42892405241548237
0.002261312521438433
-0.2964026054043923
-0.3817351533832011
-0.21107005742558352
0.17292640847905602
0.5569228743836956
0.42892405241548237
-0.019071824473263763
-0.3604020163884989
-0.40306829037790326
-0.21107005742558352
0.2369258194631626
0.5995891483730998
0.4075909154207802
-0.08307123545737036
-0.40306829037790326
-0.40306829037790326
-0.1897369204308813
0.27959209345256697
0.6635885593572064
0.38625777842607795
-0.10440437245207256
-0.40306829037790326
-0.42440142737260544
-0.16840378343617912
0.3222583674419714
0.7275879703413131
0.38625777842607795
-0.12573750944677475
-0.4457345643673077
-0.42440142737260544
-0.16840378343617912
0.4075909154207802
0.7489211073360152
0.3435915044366736
-0.21107005742558352
-0.48840083835671205
-0.46706770136200987
-0.16840378343617912
0.42892405241548237
0.7915873813254196
0.3435915044366736
-0.21107005742558352
-0.5097339753514143
-0.48840083835671205
-0.12573750944677475
0.4929234633995889
0.8129205183201218
0.3009252304472692
-0.2750694684096901
-0.5524002493408187
-0.48840083835671205
-0.14707064644147694
0.5355897373889933
0.8555867923095262
0.3009252304472692
-0.31773574239909447
-0.5524002493408187
-0.5310671123461165
-0.12573750944677475
0.5782560113783978
0.9195862032936328
0.2582589564578648
-0.3604020163884989
-0.5737333863355208
-0.5310671123461165
-0.14707064644147694
0.5995891483730998
0.9195862032936328
0.27959209345256697
-0.3604020163884989
-0.5950665233302231
-0.5737333863355208
-0.14707064644147694
0.6635885593572064
0.9622524772830372
0.2582589564578648
-0.40306829037790326
-0.6163996603249253
-0.5737333863355208
-0.12573750944677475
0.6635885593572064
1.0262518882671439
0.2582589564578648
-0.40306829037790326
-0.6377327973196275
-0.5950665233302231
-0.1897369204308813
0.7062548333466109
1.0902512992512503
0.3009252304472692
-0.40306829037790326
-0.6590659343143297
-0.6163996603249253
-0.1897369204308813
0.7062548333466109
1.1329175732406547
0.3222583674419714
-0.42440142737260544
-0.6590659343143297
-0.6377327973196275
-0.2324031944202857
0.6849216963519087
1.2395832582141657
0.38625777842607795
-0.40306829037790326
-0.6803990713090319
-0.6590659343143297
-0.2964026054043923
0.6422554223625042
1.28224953220357
0.47159032640488674
-0.3817351533832011
-0.6590659343143297
-0.6803990713090319
-0.31773574239909447
0.5995891483730998
1.3675820801823788
0.5569228743836956
-0.3604020163884989
-0.7017322083037341
-0.7017322083037341
-0.40306829037790326
0.4929234633995889
1.4102483541717834
0.6635885593572064
-0.31773574239909447
-0.7017322083037341
-0.7230653452984362
-0.46706770136200987
0.38625777842607795
1.4315814911664855
0.834253655314824
-0.2750694684096901
-0.7017322083037341
-0.7657316192878406
-0.5310671123461165
0.2582589564578648
1.4102483541717834
0.9835856142777394
-0.16840378343617912
-0.6803990713090319
-0.7870647562825429
-0.5950665233302231
0.10892699749494941
1.3462489431876767
1.1969169842247613
-0.08307123545737036
-0.6590659343143297
-0.8083978932772451
-0.6803990713090319
-0.08307123545737036
1.2182501212194636
1.4102483541717834
0.08759386050024721
-0.6377327973196275
-0.8083978932772451
-0.7017322083037341
-0.2324031944202857
1.0049187512724416
1.5595803131346986
0.3009252304472692
-0.5950665233302231
-0.8297310302719473
-0.7870647562825429
-0.40306829037790326
0.7489211073360152
1.708912272097614
0.5142566003942911
-0.5097339753514143
-0.8297310302719473
-0.8297310302719473
-0.5310671123461165
0.42892405241548237
1.7302454090923163
0.834253655314824
-0.3817351533832011
-0.8083978932772451
-0.8510641672666495
-0.6590659343143297
0.1515932714843538
1.6022465871241032
1.2182501212194636
-0.2324031944202857
-0.7657316192878406
-0.8937304412560538
-0.7443984822931384
-0.16840378343617912
1.3249158061929744
1.5809134501294009
0.04492758651084282
-0.7230653452984362
-0.8937304412560538
-0.8510641672666495
-0.40306829037790326
0.940919340288335
1.8795773680552317
0.4075909154207802
-0.5950665233302231
-0.8937304412560538
-0.8723973042613516
-0.5950665233302231
0.47159032640488674
1.9435767790393381
0.8555867923095262
-0.4457345643673077
-0.8723973042613516
-0.915063578250756
-0.7443984822931384
0.04492758651084282
1.708912272097614
1.4529146281611878
-0.16840378343617912
-0.8083978932772451
-0.915063578250756
-0.8297310302719473
-0.3390688793937967
1.1969169842247613
1.922243642044636
0.2369258194631626
-0.7017322083037341
-0.8937304412560538
-0.8937304412560538
-0.5950665233302231
0.5995891483730998
2.1142418749969556
0.8129205183201218
-0.5097339753514143
-0.8723973042613516
-0.9363967152454582
-0.7443984822931384
0.02359444951614063
1.8369110940658273
1.5382471761399965
-0.16840378343617912
-0.8297310302719473
-0.915063578250756
-0.8723973042613516
-0.40306829037790326
1.1329175732406547
2.15690814898636
0.3435915044366736
-0.6803990713090319
-0.9363967152454582
-0.9363967152454582
-0.6803990713090319
0.36492464143137576
2.1995744229757643
1.154250710235357
-0.4457345643673077
-0.8723973042613516
-0.9577298522401604
-0.8510641672666495
-0.2750694684096901
1.5382471761399965
2.0502424640128494
0.04492758651084282
-0.7657316192878406
-0.9577298522401604
-0.9363967152454582
-0.6377327973196275
0.5569228743836956
2.412905792922787
0.8982530662989306
-0.5524002493408187
-0.9363967152454582
-1.0003961262295649
-0.8723973042613516
-0.21107005742558352
1.7302454090923163
2.007576190023445
-0.06173809846266816
-0.8297310302719473
-1.0003961262295649
-0.9790629892348627
-0.7017322083037341
0.5782560113783978
2.5409046148909997
0.9195862032936328
-0.5737333863355208
-0.9577298522401604
-1.021729263224267
-0.8937304412560538
-0.31773574239909447
1.6235797241188052
2.263573833959871
0.02359444951614063
-0.8510641672666495
-1.021729263224267
-1.0003961262295649
-0.7870647562825429
